ORS_API_KEY=5b3ce3597851110001cf624895d3ab02563044aca76fe719deba63f1
START_POINT=59.95681253180688,30.308407060069424
